40
Ann2011_DNA	0	0.28424	0.146524	0.269466	0.142809	0.30315	0.15483	0.346034	0.110391	0.3593	0.146221	0.328563	0.113331	0.362964	0.164793	0.30141	0.26513	0.342618	0.271967	0.305344	0.226702	0.284794	0.200197	0.29507	0.443146	0.521463	0.32097	0.39147	0.178832	0.307124	0.21124	0.298135	0.180082	0.244171	0.143891	0.261369	0.265671	0.265768	0.186879	0.253103
Ann2011_RNA	0.28424	0	0.250885	0.133545	0.368288	0.117455	0.233608	0.132122	0.304427	0.161897	0.241473	0.131035	0.341752	0.156011	0.372988	0.173827	0.484282	0.474552	0.486397	0.434897	0.411834	0.334123	0.399505	0.171449	0.584958	0.587344	0.476329	0.471074	0.239049	0.126373	0.259007	0.187308	0.385344	0.182936	0.330209	0.163599	0.451762	0.329216	0.365736	0.22008
Ann2012_DNA	0.146524	0.250885	0	0.176896	0.236007	0.268192	0.152425	0.302339	0.156171	0.325874	0.150209	0.286579	0.200951	0.325512	0.237148	0.262721	0.338569	0.349435	0.344666	0.30424	0.262267	0.270665	0.246666	0.233395	0.480294	0.548019	0.340119	0.394698	0.106704	0.234937	0.139884	0.223263	0.255498	0.209691	0.202677	0.217271	0.317492	0.269952	0.242996	0.209518
Ann2012_RNA	0.269466	0.133545	0.176896	0	0.358894	0.159752	0.215036	0.184256	0.28251	0.216324	0.205718	0.171489	0.321171	0.212668	0.359016	0.179479	0.461414	0.443016	0.465274	0.393723	0.394066	0.310253	0.37982	0.118521	0.582639	0.581408	0.460868	0.457701	0.187329	0.106458	0.226984	0.142994	0.373035	0.173854	0.317594	0.162457	0.430877	0.317129	0.363136	0.219943
Canyon2011_DNA	0.142809	0.368288	0.236007	0.358894	0	0.314284	0.187754	0.401006	0.143869	0.416099	0.212649	0.40845	0.126474	0.422469	0.15706	0.340166	0.255658	0.337884	0.288754	0.315286	0.181451	0.267074	0.215137	0.342874	0.363116	0.486151	0.289525	0.365784	0.256928	0.394529	0.280828	0.384287	0.134908	0.275348	0.164332	0.311296	0.208736	0.242578	0.14131	0.273112
Canyon2011_RNA	0.30315	0.117455	0.268192	0.159752	0.314284	0	0.204853	0.147173	0.294336	0.181211	0.245925	0.171252	0.328258	0.190086	0.363712	0.163739	0.463839	0.450234	0.488952	0.436792	0.396877	0.332603	0.402928	0.168517	0.530985	0.541739	0.467559	0.458477	0.248635	0.150978	0.271115	0.203441	0.363214	0.16005	0.327238	0.172535	0.413699	0.308304	0.343953	0.193762
Canyon2012_DNA	0.15483	0.233608	0.152425	0.215036	0.187754	0.204853	0	0.237108	0.132215	0.277086	0.0920736	0.264659	0.175868	0.285207	0.218268	0.233885	0.337187	0.385604	0.337669	0.342265	0.259725	0.318177	0.237658	0.210377	0.462458	0.543591	0.347946	0.417726	0.150549	0.247005	0.186586	0.239963	0.226851	0.165699	0.181684	0.183338	0.30673	0.31399	0.227797	0.176423
Canyon2012_RNA	0.346034	0.132122	0.302339	0.184256	0.401006	0.147173	0.237108	0	0.324072	0.0811939	0.272221	0.0803831	0.366293	0.10086	0.401056	0.181752	0.52399	0.518292	0.505524	0.470064	0.45165	0.393482	0.417366	0.198488	0.611367	0.615087	0.512411	0.509429	0.282451	0.160757	0.304183	0.231817	0.419974	0.244614	0.367066	0.224075	0.489692	0.405091	0.412137	0.273666
Howe2011_DNA	0.110391	0.304427	0.156171	0.28251	0.143869	0.294336	0.132215	0.324072	0	0.309564	0.112058	0.305329	0.0967197	0.329032	0.155449	0.250099	0.312607	0.385698	0.293978	0.335913	0.219088	0.297021	0.207814	0.268205	0.437405	0.54159	0.32388	0.395574	0.172238	0.299112	0.18961	0.28359	0.188652	0.235707	0.146487	0.236696	0.274753	0.28254	0.194406	0.233318
Howe2011_RNA	0.3593	0.161897	0.325874	0.216324	0.416099	0.181211	0.277086	0.0811939	0.309564	0	0.26788	0.0768344	0.368218	0.0801767	0.4004	0.187805	0.534687	0.53308	0.505236	0.482299	0.465784	0.414611	0.420899	0.215784	0.608066	0.612071	0.51686	0.511647	0.294566	0.183036	0.30602	0.23777	0.428288	0.26183	0.373369	0.238061	0.494282	0.417007	0.415008	0.289267
Howe2012_DNA	0.146221	0.241473	0.150209	0.205718	0.212649	0.245925	0.0920736	0.272221	0.112058	0.26788	0	0.222823	0.174231	0.276613	0.213246	0.223927	0.353302	0.40411	0.326231	0.353637	0.281435	0.324858	0.24081	0.215363	0.485337	0.5692	0.358115	0.422551	0.130968	0.232435	0.152549	0.200821	0.239843	0.182337	0.185804	0.184868	0.322421	0.323163	0.237941	0.195089
Howe2012_RNA	0.328563	0.131035	0.286579	0.171489	0.40845	0.171252	0.264659	0.0803831	0.305329	0.0768344	0.222823	0	0.359013	0.100673	0.39056	0.179966	0.515994	0.503843	0.486466	0.454902	0.456822	0.397229	0.413765	0.193947	0.614371	0.616749	0.504749	0.501335	0.255585	0.136176	0.272886	0.190756	0.420132	0.243682	0.355049	0.215227	0.485421	0.39973	0.407398	0.27891
Ives2011_DNA	0.113331	0.341752	0.200951	0.321171	0.126474	0.328258	0.175868	0.366293	0.0967197	0.368218	0.174231	0.359013	0	0.351601	0.121763	0.284801	0.299014	0.372217	0.296545	0.322939	0.185765	0.263877	0.19307	0.296862	0.404298	0.520245	0.303035	0.379899	0.218154	0.343655	0.246216	0.336849	0.160448	0.273304	0.129814	0.271738	0.247015	0.258456	0.159449	0.258981
Ives2011_RNA	0.362964	0.156011	0.325512	0.212668	0.422469	0.190086	0.285207	0.10086	0.329032	0.0801767	0.276613	0.100673	0.351601	0	0.394184	0.155961	0.534004	0.5335	0.505931	0.484134	0.459378	0.399939	0.414075	0.202043	0.614967	0.62384	0.516583	0.512733	0.28861	0.170534	0.298193	0.22918	0.436717	0.25961	0.37388	0.227425	0.499693	0.404099	0.405706	0.274576
Ives2012_DNA	0.164793	0.372988	0.237148	0.359016	0.15706	0.363712	0.218268	0.401056	0.155449	0.4004	0.213246	0.39056	0.121763	0.394184	0	0.281788	0.273792	0.357539	0.245601	0.305727	0.18837	0.269552	0.171802	0.312689	0.403575	0.520536	0.287823	0.364345	0.249341	0.373525	0.265861	0.35824	0.14548	0.306342	0.145035	0.298584	0.224953	0.272733	0.148022	0.291936
Ives2012_RNA	0.30141	0.173827	0.262721	0.179479	0.340166	0.163739	0.233885	0.181752	0.250099	0.187805	0.223927	0.179966	0.284801	0.155961	0.281788	0	0.479667	0.476236	0.452605	0.420092	0.374349	0.32596	0.355778	0.147291	0.536058	0.58922	0.443136	0.45696	0.226717	0.152239	0.239613	0.207365	0.345868	0.206171	0.283489	0.182646	0.407071	0.329113	0.333863	0.228006
Lily2011_DNA	0.26513	0.484282	0.338569	0.461414	0.255658	0.463839	0.337187	0.52399	0.312607	0.534687	0.353302	0.515994	0.299014	0.534004	0.273792	0.479667	0	0.153086	0.129112	0.213896	0.2665	0.410959	0.276981	0.461427	0.36122	0.458274	0.23598	0.305638	0.376241	0.493905	0.387846	0.469494	0.265586	0.41019	0.314603	0.442186	0.272533	0.395712	0.248601	0.380471
Lily2011_RNA	0.342618	0.474552	0.349435	0.443016	0.337884	0.450234	0.385604	0.518292	0.385698	0.53308	0.40411	0.503843	0.372217	0.5335	0.357539	0.476236	0.153086	0	0.209323	0.148741	0.304025	0.389833	0.320221	0.450947	0.376349	0.443178	0.262945	0.286987	0.368019	0.473583	0.383637	0.454354	0.32931	0.392877	0.359268	0.431637	0.304748	0.362112	0.306703	0.370279
Lily2012_DNA	0.271967	0.486397	0.344666	0.465274	0.288754	0.488952	0.337669	0.505524	0.293978	0.505236	0.326231	0.486466	0.296545	0.505931	0.245601	0.452605	0.129112	0.209323	0	0.179572	0.290504	0.426548	0.244813	0.445863	0.398674	0.499634	0.244926	0.307357	0.360198	0.475421	0.354896	0.438045	0.284644	0.433518	0.304118	0.427457	0.296799	0.417694	0.272632	0.394002
Lily2012_RNA	0.305344	0.434897	0.30424	0.393723	0.315286	0.436792	0.342265	0.470064	0.335913	0.482299	0.353637	0.454902	0.322939	0.484134	0.305727	0.420092	0.213896	0.148741	0.179572	0	0.271134	0.354234	0.270813	0.392831	0.405027	0.481525	0.252468	0.271923	0.316341	0.420555	0.33061	0.403261	0.296931	0.36752	0.310213	0.376797	0.304161	0.340166	0.277632	0.338548
Mountain2011_DNA	0.226702	0.411834	0.262267	0.394066	0.181451	0.396877	0.259725	0.45165	0.219088	0.465784	0.281435	0.456822	0.185765	0.459378	0.18837	0.374349	0.2665	0.304025	0.290504	0.271134	0	0.23347	0.204418	0.335215	0.372521	0.48151	0.254147	0.322749	0.282345	0.414885	0.317552	0.411052	0.169927	0.306433	0.21112	0.33955	0.188258	0.266805	0.182864	0.307778
Mountain2011_RNA	0.284794	0.334123	0.270665	0.310253	0.267074	0.332603	0.318177	0.393482	0.297021	0.414611	0.324858	0.397229	0.263877	0.399939	0.269552	0.32596	0.410959	0.389833	0.426548	0.354234	0.23347	0	0.331387	0.276181	0.474734	0.519181	0.373595	0.374181	0.266817	0.334636	0.288429	0.338564	0.247849	0.242751	0.243321	0.263965	0.289208	0.176179	0.250449	0.253884
Mountain2012_DNA	0.200197	0.399505	0.246666	0.37982	0.215137	0.402928	0.237658	0.417366	0.207814	0.420899	0.24081	0.413765	0.19307	0.414075	0.171802	0.355778	0.276981	0.320221	0.244813	0.270813	0.204418	0.331387	0	0.320065	0.442357	0.520082	0.307538	0.351957	0.265907	0.392316	0.268508	0.350391	0.208317	0.343323	0.222477	0.342795	0.289577	0.330759	0.20569	0.309498
Mountain2012_RNA	0.29507	0.171449	0.233395	0.118521	0.342874	0.168517	0.210377	0.198488	0.268205	0.215784	0.215363	0.193947	0.296862	0.202043	0.312689	0.147291	0.461427	0.450947	0.445863	0.392831	0.335215	0.276181	0.320065	0	0.549966	0.576392	0.437989	0.43323	0.196617	0.144733	0.227392	0.165714	0.349597	0.170008	0.295602	0.153064	0.405763	0.306047	0.331952	0.19908
Pony2011_DNA	0.443146	0.584958	0.480294	0.582639	0.363116	0.530985	0.462458	0.611367	0.437405	0.608066	0.485337	0.614371	0.404298	0.614967	0.403575	0.536058	0.36122	0.376349	0.398674	0.405027	0.372521	0.474734	0.442357	0.549966	0	0.219729	0.278346	0.314082	0.496567	0.611947	0.51597	0.606642	0.366147	0.488147	0.399301	0.523805	0.3288	0.398538	0.366293	0.485288
Pony2011_RNA	0.521463	0.587344	0.548019	0.581408	0.486151	0.541739	0.543591	0.615087	0.54159	0.612071	0.5692	0.616749	0.520245	0.62384	0.520536	0.58922	0.458274	0.443178	0.499634	0.481525	0.48151	0.519181	0.520082	0.576392	0.219729	0	0.416647	0.330025	0.554653	0.611541	0.562498	0.605881	0.493629	0.517405	0.5148	0.556463	0.463448	0.447145	0.490473	0.522891
Pony2012_DNA	0.32097	0.476329	0.340119	0.460868	0.289525	0.467559	0.347946	0.512411	0.32388	0.51686	0.358115	0.504749	0.303035	0.516583	0.287823	0.443136	0.23598	0.262945	0.244926	0.252468	0.254147	0.373595	0.307538	0.437989	0.278346	0.416647	0	0.167159	0.360542	0.488977	0.372716	0.470678	0.259677	0.390056	0.263723	0.39377	0.248311	0.354062	0.241055	0.370137
Pony2012_RNA	0.39147	0.471074	0.394698	0.457701	0.365784	0.458477	0.417726	0.509429	0.395574	0.511647	0.422551	0.501335	0.379899	0.512733	0.364345	0.45696	0.305638	0.286987	0.307357	0.271923	0.322749	0.374181	0.351957	0.43323	0.314082	0.330025	0.167159	0	0.397344	0.48675	0.393789	0.455409	0.340118	0.386804	0.344321	0.39159	0.325633	0.332845	0.318692	0.350559
Rush2011_DNA	0.178832	0.239049	0.106704	0.187329	0.256928	0.248635	0.150549	0.282451	0.172238	0.294566	0.130968	0.255585	0.218154	0.28861	0.249341	0.226717	0.376241	0.368019	0.360198	0.316341	0.282345	0.266817	0.265907	0.196617	0.496567	0.554653	0.360542	0.397344	0	0.183962	0.0939983	0.17427	0.274778	0.174586	0.216439	0.179313	0.334234	0.265316	0.261694	0.176171
Rush2011_RNA	0.307124	0.126373	0.234937	0.106458	0.394529	0.150978	0.247005	0.160757	0.299112	0.183036	0.232435	0.136176	0.343655	0.170534	0.373525	0.152239	0.493905	0.473583	0.475421	0.420555	0.414885	0.334636	0.392316	0.144733	0.611947	0.611541	0.488977	0.48675	0.183962	0	0.230358	0.13216	0.404632	0.207476	0.340541	0.183667	0.4562	0.343769	0.388713	0.249148
Rush2012_DNA	0.21124	0.259007	0.139884	0.226984	0.280828	0.271115	0.186586	0.304183	0.18961	0.30602	0.152549	0.272886	0.246216	0.298193	0.265861	0.239613	0.387846	0.383637	0.354896	0.33061	0.317552	0.288429	0.268508	0.227392	0.51597	0.562498	0.372716	0.393789	0.0939983	0.230358	0	0.137677	0.300898	0.205187	0.239016	0.193723	0.360448	0.281627	0.267046	0.177419
Rush2012_RNA	0.298135	0.187308	0.223263	0.142994	0.384287	0.203441	0.239963	0.231817	0.28359	0.23777	0.200821	0.190756	0.336849	0.22918	0.35824	0.207365	0.469494	0.454354	0.438045	0.403261	0.411052	0.338564	0.350391	0.165714	0.606642	0.605881	0.470678	0.455409	0.17427	0.13216	0.137677	0	0.395962	0.207528	0.329072	0.165544	0.44933	0.337539	0.360756	0.21211
SecondPine2011_DNA	0.180082	0.385344	0.255498	0.373035	0.134908	0.363214	0.226851	0.419974	0.188652	0.428288	0.239843	0.420132	0.160448	0.436717	0.14548	0.345868	0.265586	0.32931	0.284644	0.296931	0.169927	0.247849	0.208317	0.349597	0.366147	0.493629	0.259677	0.340118	0.274778	0.404632	0.300898	0.395962	0	0.26611	0.118905	0.303399	0.133439	0.254364	0.110683	0.280464
SecondPine2011_RNA	0.244171	0.182936	0.209691	0.173854	0.275348	0.16005	0.165699	0.244614	0.235707	0.26183	0.182337	0.243682	0.273304	0.25961	0.306342	0.206171	0.41019	0.392877	0.433518	0.36752	0.306433	0.242751	0.343323	0.170008	0.488147	0.517405	0.390056	0.386804	0.174586	0.207476	0.205187	0.207528	0.26611	0	0.233949	0.1046	0.328854	0.215567	0.265012	0.112878
SecondPine2012_DNA	0.143891	0.330209	0.202677	0.317594	0.164332	0.327238	0.181684	0.367066	0.146487	0.373369	0.185804	0.355049	0.129814	0.37388	0.145035	0.283489	0.314603	0.359268	0.304118	0.310213	0.21112	0.243321	0.222477	0.295602	0.399301	0.5148	0.263723	0.344321	0.216439	0.340541	0.239016	0.329072	0.118905	0.233949	0	0.221396	0.200982	0.238987	0.114915	0.233027
SecondPine2012_RNA	0.261369	0.163599	0.217271	0.162457	0.311296	0.172535	0.183338	0.224075	0.236696	0.238061	0.184868	0.215227	0.271738	0.227425	0.298584	0.182646	0.442186	0.431637	0.427457	0.376797	0.33955	0.263965	0.342795	0.153064	0.523805	0.556463	0.39377	0.39159	0.179313	0.183667	0.193723	0.165544	0.303399	0.1046	0.221396	0	0.377852	0.250834	0.272459	0.129257
UpperPine2011_DNA	0.265671	0.451762	0.317492	0.430877	0.208736	0.413699	0.30673	0.489692	0.274753	0.494282	0.322421	0.485421	0.247015	0.499693	0.224953	0.407071	0.272533	0.304748	0.296799	0.304161	0.188258	0.289208	0.289577	0.405763	0.3288	0.463448	0.248311	0.325633	0.334234	0.4562	0.360448	0.44933	0.133439	0.328854	0.200982	0.377852	0	0.260594	0.18231	0.340227
UpperPine2011_RNA	0.265768	0.329216	0.269952	0.317129	0.242578	0.308304	0.31399	0.405091	0.28254	0.417007	0.323163	0.39973	0.258456	0.404099	0.272733	0.329113	0.395712	0.362112	0.417694	0.340166	0.266805	0.176179	0.330759	0.306047	0.398538	0.447145	0.354062	0.332845	0.265316	0.343769	0.281627	0.337539	0.254364	0.215567	0.238987	0.250834	0.260594	0	0.225947	0.220112
UpperPine2012_DNA	0.186879	0.365736	0.242996	0.363136	0.14131	0.343953	0.227797	0.412137	0.194406	0.415008	0.237941	0.407398	0.159449	0.405706	0.148022	0.333863	0.248601	0.306703	0.272632	0.277632	0.182864	0.250449	0.20569	0.331952	0.366293	0.490473	0.241055	0.318692	0.261694	0.388713	0.267046	0.360756	0.110683	0.265012	0.114915	0.272459	0.18231	0.225947	0	0.210959
UpperPine2012_RNA	0.253103	0.22008	0.209518	0.219943	0.273112	0.193762	0.176423	0.273666	0.233318	0.289267	0.195089	0.27891	0.258981	0.274576	0.291936	0.228006	0.380471	0.370279	0.394002	0.338548	0.307778	0.253884	0.309498	0.19908	0.485288	0.522891	0.370137	0.350559	0.176171	0.249148	0.177419	0.21211	0.280464	0.112878	0.233027	0.129257	0.340227	0.220112	0.210959	0
